param n:= 16;
param v:= 2;




param w:=
1 180

6 118
7 206

9 225
10 118
11 196

23 138

26 78
27 233

33 252

35 137

38 114

40 115

41 105

47 176

49 74;


param c:=
	0	1	2	3	4	5	6	7	8	9	10	11	12	13	14	15	16
0	0	29	13	30	5	24	13	34	12	24	10	6	2	22	12	15	25
1	29	0	28	5	32	7	18	5	35	26	38	35	28	21	20	44	40
2	13	28	0	26	18	25	11	33	8	11	21	14	13	12	20	22	14
3	30	5	26	0	33	10	17	8	34	22	39	35	28	17	22	44	37
4	5	32	18	33	0	26	17	37	15	28	6	7	5	27	13	13	29
5	24	7	25	10	26	0	14	11	31	26	32	30	22	21	14	38	38
6	13	18	11	17	17	14	0	22	18	15	23	18	12	11	12	27	25
7	34	5	33	8	37	11	22	0	40	30	43	40	33	25	25	49	44
8	12	35	8	34	15	31	18	40	0	19	16	8	13	20	23	15	14
9	24	26	11	22	28	26	15	30	19	0	32	25	23	5	27	34	15
10	10	38	21	39	6	32	23	43	16	32	0	8	11	31	19	7	29
11	6	35	14	35	7	30	18	40	8	25	8	0	8	25	19	9	22
12	2	28	13	28	5	22	12	33	13	23	11	8	0	21	11	16	26
13	22	21	12	17	27	21	11	25	20	5	31	25	21	0	23	34	20
14	12	20	20	22	13	14	12	25	23	27	19	19	11	23	0	26	34
15	15	44	22	44	13	38	27	49	15	34	7	9	16	34	26	0	28
16	25	40	14	37	29	38	25	44	14	15	29	22	26	20	34	28	0 ;
